0,504
0,503
0,502
0,278
48,0
58,5
58,4
58,3
58,2
58,1
58,0
0,501
0,500
0,472
48,2
55,2
50,2
50,6
50,5
57,35
10,74
10,127
10,76
10,223
10,175
10,220
10,118
10,280
11,19
11,24
11,28
11,26
11,4
8,18
8,15
55,4
55,3
55,1
51,3
51,1
50,4
50,3
50,1
48,4
48,3
48,1
28,3
28,2
28,1
28,0
20,3
20,2
20,1
19,3
19,2
19,1
12,3
12,2
12,1
11,29
11,21
11,18
11,17
11,16
11,15
11,14
11,11
11,10
11,8
11,7
11,6
11,3
11,2
11,1
10,299
10,286
10,267
10,252
10,245
18,1
10,224
18,3
10,207
14,1
10,204
14,3
10,196
13,1
10,171
13,3
10,137
10,92
10,85
10,72
10,64
10,16
10,3
10,2
10,1
9,7
9,6
9,5
9,4
9,3
9,2
9,1
8,17
